% -------------------------------------------------------------------
%  Generated by MATLAB on 16-May-2019 15:02:17
%  MATLAB version: 9.3.0.713579 (R2017b)
% -------------------------------------------------------------------
                                 

x = int16([-32767; -32585; -32403; -32221; -32039; -31857; -31675; -31493; ...
           -31311; -31129; -30947; -30765; -30583; -30400; -30218; -30036; ...
           -29854; -29672; -29490; -29308; -29126; -28944; -28762; -28580; ...
           -28398; -28216; -28034; -27852; -27670; -27488; -27306; -27124; ...
           -26942; -26760; -26578; -26396; -26214; -26032; -25850; -25667; ...
           -25485; -25303; -25121; -24939; -24757; -24575; -24393; -24211; ...
           -24029; -23847; -23665; -23483; -23301; -23119; -22937; -22755; ...
           -22573; -22391; -22209; -22027; -21845; -21663; -21481; -21299; ...
           -21117; -20934; -20752; -20570; -20388; -20206; -20024; -19842; ...
           -19660; -19478; -19296; -19114; -18932; -18750; -18568; -18386; ...
           -18204; -18022; -17840; -17658; -17476; -17294; -17112; -16930; ...
           -16748; -16566; -16384; -16201; -16019; -15837; -15655; -15473; ...
           -15291; -15109; -14927; -14745; -14563; -14381; -14199; -14017; ...
           -13835; -13653; -13471; -13289; -13107; -12925; -12743; -12561; ...
           -12379; -12197; -12015; -11833; -11650; -11468; -11286; -11104; ...
           -10922; -10740; -10558; -10376; -10194; -10012; -9830; -9648; ...
           -9466; -9284; -9102; -8920; -8738; -8556; -8374; -8192; -8010; ...
           -7828; -7646; -7464; -7282; -7100; -6917; -6735; -6553; -6371; ...
           -6189; -6007; -5825; -5643; -5461; -5279; -5097; -4915; -4733; ...
           -4551; -4369; -4187; -4005; -3823; -3641; -3459; -3277; -3095; ...
           -2913; -2731; -2549; -2367; -2184; -2002; -1820; -1638; -1456; ...
           -1274; -1092; -910; -728; -546; -364; -182; 0; 182; 364; 546; ...
           728; 910; 1092; 1274; 1456; 1638; 1820; 2002; 2184; 2367; 2549; ...
           2731; 2913; 3095; 3277; 3459; 3641; 3823; 4005; 4187; 4369; ...
           4551; 4733; 4915; 5097; 5279; 5461; 5643; 5825; 6007; 6189; ...
           6371; 6553; 6735; 6917; 7100; 7282; 7464; 7646; 7828; 8010; ...
           8192; 8374; 8556; 8738; 8920; 9102; 9284; 9466; 9648; 9830; ...
           10012; 10194; 10376; 10558; 10740; 10922; 11104; 11286; 11468; ...
           11650; 11833; 12015; 12197; 12379; 12561; 12743; 12925; 13107; ...
           13289; 13471; 13653; 13835; 14017; 14199; 14381; 14563; 14745; ...
           14927; 15109; 15291; 15473; 15655; 15837; 16019; 16201; 16384; ...
           16566; 16748; 16930; 17112; 17294; 17476; 17658; 17840; 18022; ...
           18204; 18386; 18568; 18750; 18932; 19114; 19296; 19478; 19660; ...
           19842; 20024; 20206; 20388; 20570; 20752; 20934; 21117; 21299; ...
           21481; 21663; 21845; 22027; 22209; 22391; 22573; 22755; 22937; ...
           23119; 23301; 23483; 23665; 23847; 24029; 24211; 24393; 24575; ...
           24757; 24939; 25121; 25303; 25485; 25667; 25850; 26032; 26214; ...
           26396; 26578; 26760; 26942; 27124; 27306; 27488; 27670; 27852; ...
           28034; 28216; 28398; 28580; 28762; 28944; 29126; 29308; 29490; ...
           29672; 29854; 30036; 30218; 30400; 30583; 30765; 30947; 31129; ...
           31311; 31493; 31675; 31857; 32039; 32221; 32403; 32585]);

